0 0
1000 0.152
2000 0.305
3000 0.457
4000 0.612
5000 0.765
6000 0.918
7000 1.070
8000 1.223
9000 1.377
10000 1.530
11000 1.683
12000 1.836
13000 1.989
14000 2.142
15000 2.295
16000 2.448
17000 2.601
18000 2.754
19000 2.908
20000 3.061
21000 3.214
22000 3.367
23000 3.520
24000 3.673
25000 3.826
26000 3.979
27000 4.132
28000 4.285
29000 4.438
30000 4.592
31000 4.745
32000 4.898
33000 5.051
34000 5.204
35000 5.357
36000 5.510
37000 5.663
38000 5.816
39000 5.969
40000 6.12
41000 6.27
42000 6.42
43000 6.57
44000 6.73
45000 6.88
46000 7.03
47000 7.19
48000 7.34
49000 7.50
50000 7.65
51000 7.80
52000 7.95
53000 8.11
54000 8.26
55000 8.41
56000 8.57
57000 8.72
58000 8.87
59000 9.03
60000 9.18
61000 9.33
62000 9.49
63000 9.64
64000 9.79
65000 9.94
